-1.591055886217340412e+04
-4.449394640808376607e+03
-1.338486807518892601e+04
-3.074871187288264991e+04
-2.640367661003701505e+04
-1.580708870003526499e+04
-7.928178582631745485e+03
-1.064569423688645838e+04
-1.031457392972533307e+04
-1.052876027114434692e+04
-1.482587799431949315e+04
-5.786632612088422320e+03
-1.301748649752953133e+04
-2.735443251729586336e+04
-1.147254846106248624e+04
-3.196161993153604635e+04
-5.154640878230429371e+04
-1.124423621212775106e+04
-1.473157590206271379e+04
-5.128814492543296365e+04
